name,elapsed_time,total_sampled,total_processed,total_expected
dp_synth32,1765963642.825188,256,0,32561
dp_synth32,1765963644.4641953,512,0,32561
dp_synth32,1765963646.3120558,768,0,32561
dp_synth32,1765963648.0645366,1024,0,32561
dp_synth32,1765963649.8295922,1280,0,32561
dp_synth32,1765963651.5849528,1536,0,32561
dp_synth32,1765963653.4822555,1792,0,32561
dp_synth32,1765963655.3903458,2048,0,32561
dp_synth32,1765963656.9435859,2304,0,32561
dp_synth32,1765963658.6305377,2560,0,32561
dp_synth32,1765963660.2877054,2816,0,32561
dp_synth32,1765963662.0323594,3072,0,32561
dp_synth32,1765963663.758938,3328,0,32561
dp_synth32,1765963665.5401313,3584,0,32561
dp_synth32,1765963667.1405158,3840,0,32561
dp_synth32,1765963668.7822626,4096,0,32561
dp_synth32,1765963670.4324822,4352,0,32561
dp_synth32,1765963672.0855553,4608,0,32561
dp_synth32,1765963673.7295387,4864,0,32561
dp_synth32,1765963675.4720755,5120,0,32561
dp_synth32,1765963677.2198894,5376,0,32561
dp_synth32,1765963678.8562768,5632,0,32561
dp_synth32,1765963680.906226,5888,0,32561
dp_synth32,1765963682.520037,6144,0,32561
dp_synth32,1765963684.2114575,6400,0,32561
dp_synth32,1765963686.1806576,6656,0,32561
dp_synth32,1765963687.864344,6912,0,32561
dp_synth32,1765963689.5232024,7168,0,32561
dp_synth32,1765963691.2562935,7424,0,32561
dp_synth32,1765963692.877558,7680,0,32561
dp_synth32,1765963694.612608,7936,0,32561
dp_synth32,1765963696.327458,8192,0,32561
dp_synth32,1765963698.0111873,8448,0,32561
dp_synth32,1765963699.9406831,8704,0,32561
dp_synth32,1765963701.6921766,8960,0,32561
dp_synth32,1765963703.2884536,9216,0,32561
dp_synth32,1765963704.9084039,9472,0,32561
dp_synth32,1765963706.7057922,9728,0,32561
dp_synth32,1765963708.4462194,9984,0,32561
dp_synth32,1765963710.135599,10240,0,32561
dp_synth32,1765963711.7986276,10496,0,32561
dp_synth32,1765963713.6701257,10752,0,32561
dp_synth32,1765963715.367799,11008,0,32561
dp_synth32,1765963717.0497246,11264,0,32561
dp_synth32,1765963718.651802,11520,0,32561
dp_synth32,1765963720.2459466,11776,0,32561
dp_synth32,1765963721.9721982,12032,0,32561
dp_synth32,1765963723.841395,12288,0,32561
dp_synth32,1765963725.7246602,12544,0,32561
dp_synth32,1765963727.9045491,12800,0,32561
dp_synth32,1765963730.0113428,13056,0,32561
dp_synth32,1765963731.768112,13312,0,32561
dp_synth32,1765963733.6730793,13568,0,32561
dp_synth32,1765963735.5394132,13824,0,32561
dp_synth32,1765963737.5547605,14080,0,32561
dp_synth32,1765963739.5002563,14336,0,32561
dp_synth32,1765963741.4387505,14592,0,32561
dp_synth32,1765963743.2581654,14848,0,32561
dp_synth32,1765963745.1266906,15104,0,32561
dp_synth32,1765963746.9991996,15360,0,32561
dp_synth32,1765963748.7482963,15616,0,32561
dp_synth32,1765963750.6433978,15872,0,32561
dp_synth32,1765963752.4270184,16128,0,32561
dp_synth32,1765963754.362038,16384,0,32561
dp_synth32,1765963756.22245,16640,0,32561
dp_synth32,1765963758.0804546,16896,0,32561
dp_synth32,1765963759.9947057,17152,0,32561
dp_synth32,1765963761.799209,17408,0,32561
dp_synth32,1765963763.5763643,17664,0,32561
dp_synth32,1765963765.5164256,17920,0,32561
dp_synth32,1765963767.62582,18176,0,32561
dp_synth32,1765963769.4117653,18432,0,32561
dp_synth32,1765963771.3235219,18688,0,32561
dp_synth32,1765963773.3509314,18944,0,32561
dp_synth32,1765963775.0713348,19200,0,32561
dp_synth32,1765963776.9696634,19456,0,32561
dp_synth32,1765963778.843945,19712,0,32561
dp_synth32,1765963780.7362833,19968,0,32561
dp_synth32,1765963782.6767397,20224,0,32561
dp_synth32,1765963784.1982143,20480,0,32561
dp_synth32,1765963785.9446664,20736,0,32561
dp_synth32,1765963787.7789514,20992,0,32561
dp_synth32,1765963789.5455804,21248,0,32561
dp_synth32,1765963791.6480787,21504,0,32561
dp_synth32,1765963793.5936153,21760,0,32561
dp_synth32,1765963795.8294914,22016,0,32561
dp_synth32,1765963798.1713085,22272,0,32561
dp_synth32,1765963800.44068,22528,0,32561
dp_synth32,1765963803.3516848,22784,0,32561
dp_synth32,1765963805.9099426,23040,0,32561
dp_synth32,1765963809.680964,23296,0,32561
dp_synth32,1765963813.1091506,23552,0,32561
dp_synth32,1765963814.9603748,23808,0,32561
dp_synth32,1765963817.0793889,24064,0,32561
dp_synth32,1765963818.6802764,24320,0,32561
dp_synth32,1765963820.3808627,24576,0,32561
dp_synth32,1765963822.1767018,24832,0,32561
dp_synth32,1765963823.9143438,25088,0,32561
dp_synth32,1765963825.757601,25344,0,32561
dp_synth32,1765963827.3454862,25600,0,32561
dp_synth32,1765963829.2446196,25856,0,32561
dp_synth32,1765963831.0391216,26112,0,32561
dp_synth32,1765963832.8092663,26368,0,32561
dp_synth32,1765963834.5374806,26624,0,32561
dp_synth32,1765963836.3045635,26880,0,32561
dp_synth32,1765963838.0847015,27136,0,32561
dp_synth32,1765963839.954782,27392,0,32561
dp_synth32,1765963841.6642776,27648,0,32561
dp_synth32,1765963843.4635372,27904,0,32561
dp_synth32,1765963845.1642485,28160,0,32561
dp_synth32,1765963846.8741925,28416,0,32561
dp_synth32,1765963848.6205351,28672,0,32561
dp_synth32,1765963850.261133,28928,0,32561
dp_synth32,1765963852.1865203,29184,0,32561
dp_synth32,1765963853.886183,29440,0,32561
dp_synth32,1765963855.6800451,29696,0,32561
dp_synth32,1765963857.4357264,29952,0,32561
dp_synth32,1765963859.5508852,30208,0,32561
dp_synth32,1765963861.650115,30464,0,32561
dp_synth32,1765963864.061295,30720,0,32561
dp_synth32,1765963865.880088,30976,0,32561
dp_synth32,1765963867.6562247,31232,0,32561
dp_synth32,1765963869.4492974,31488,0,32561
dp_synth32,1765963871.4199626,31744,0,32561
dp_synth32,1765963873.240622,32000,0,32561
dp_synth32,1765963875.0021653,32256,0,32561
dp_synth32,1765963877.211195,32512,0,32561
dp_synth32,1765963879.0836828,32561,0,32561
dp_synth256,1765964305.5186331,256,0,32561
dp_synth256,1765964307.3332584,512,0,32561
dp_synth256,1765964309.227196,768,0,32561
dp_synth256,1765964310.9966853,1024,0,32561
dp_synth256,1765964312.7140245,1280,0,32561
dp_synth256,1765964314.3245974,1536,0,32561
dp_synth256,1765964316.0320635,1792,0,32561
dp_synth256,1765964317.8627436,2048,0,32561
dp_synth256,1765964319.5476332,2304,0,32561
dp_synth256,1765964321.2637665,2560,0,32561
dp_synth256,1765964322.9398572,2816,0,32561
dp_synth256,1765964324.8415918,3072,0,32561
dp_synth256,1765964326.8696427,3328,0,32561
dp_synth256,1765964328.7457273,3584,0,32561
dp_synth256,1765964330.2067385,3840,0,32561
dp_synth256,1765964332.1670837,4096,0,32561
dp_synth256,1765964333.9884822,4352,0,32561
dp_synth256,1765964335.7784603,4608,0,32561
dp_synth256,1765964337.5234668,4864,0,32561
dp_synth256,1765964339.4213092,5120,0,32561
dp_synth256,1765964341.4924994,5376,0,32561
dp_synth256,1765964343.3205633,5632,0,32561
dp_synth256,1765964345.499085,5888,0,32561
dp_synth256,1765964347.239605,6144,0,32561
dp_synth256,1765964349.0268857,6400,0,32561
dp_synth256,1765964351.121261,6656,0,32561
dp_synth256,1765964352.813734,6912,0,32561
dp_synth256,1765964354.6098957,7168,0,32561
dp_synth256,1765964356.4659643,7424,0,32561
dp_synth256,1765964358.2006383,7680,0,32561
dp_synth256,1765964360.1228526,7936,0,32561
dp_synth256,1765964361.90418,8192,0,32561
dp_synth256,1765964363.7233253,8448,0,32561
dp_synth256,1765964365.707472,8704,0,32561
dp_synth256,1765964367.5452778,8960,0,32561
dp_synth256,1765964369.1720846,9216,0,32561
dp_synth256,1765964370.902615,9472,0,32561
dp_synth256,1765964372.7019966,9728,0,32561
dp_synth256,1765964374.3232875,9984,0,32561
dp_synth256,1765964376.217141,10240,0,32561
dp_synth256,1765964378.104354,10496,0,32561
dp_synth256,1765964380.1631956,10752,0,32561
dp_synth256,1765964381.9597793,11008,0,32561
dp_synth256,1765964383.726437,11264,0,32561
dp_synth256,1765964385.5157347,11520,0,32561
dp_synth256,1765964387.1581004,11776,0,32561
dp_synth256,1765964388.9021473,12032,0,32561
dp_synth256,1765964390.9679239,12288,0,32561
dp_synth256,1765964393.105635,12544,0,32561
dp_synth256,1765964395.5394793,12800,0,32561
dp_synth256,1765964397.88896,13056,0,32561
dp_synth256,1765964400.9870257,13312,0,32561
dp_synth256,1765964403.580068,13568,0,32561
dp_synth256,1765964406.374948,13824,0,32561
dp_synth256,1765964410.5607355,14080,0,32561
dp_synth256,1765964412.969409,14336,0,32561
dp_synth256,1765964414.6921473,14592,0,32561
dp_synth256,1765964416.3357282,14848,0,32561
dp_synth256,1765964418.032768,15104,0,32561
dp_synth256,1765964419.6812947,15360,0,32561
dp_synth256,1765964421.3617759,15616,0,32561
dp_synth256,1765964423.1877007,15872,0,32561
dp_synth256,1765964424.9515646,16128,0,32561
dp_synth256,1765964426.812934,16384,0,32561
dp_synth256,1765964428.5272706,16640,0,32561
dp_synth256,1765964430.3268638,16896,0,32561
dp_synth256,1765964432.146365,17152,0,32561
dp_synth256,1765964433.8667367,17408,0,32561
dp_synth256,1765964435.58093,17664,0,32561
dp_synth256,1765964437.4205685,17920,0,32561
dp_synth256,1765964439.5016732,18176,0,32561
dp_synth256,1765964441.2330687,18432,0,32561
dp_synth256,1765964443.0038285,18688,0,32561
dp_synth256,1765964444.8769982,18944,0,32561
dp_synth256,1765964446.522603,19200,0,32561
dp_synth256,1765964448.1690674,19456,0,32561
dp_synth256,1765964449.871936,19712,0,32561
dp_synth256,1765964451.5772834,19968,0,32561
dp_synth256,1765964453.3754475,20224,0,32561
dp_synth256,1765964455.1706562,20480,0,32561
dp_synth256,1765964456.8780155,20736,0,32561
dp_synth256,1765964458.7866402,20992,0,32561
dp_synth256,1765964460.6217961,21248,0,32561
dp_synth256,1765964462.5761356,21504,0,32561
dp_synth256,1765964464.3321939,21760,0,32561
dp_synth256,1765964466.088755,22016,0,32561
dp_synth256,1765964467.8956137,22272,0,32561
dp_synth256,1765964469.8112695,22528,0,32561
dp_synth256,1765964471.5215855,22784,0,32561
dp_synth256,1765964473.482537,23040,0,32561
dp_synth256,1765964475.333208,23296,0,32561
dp_synth256,1765964477.1504812,23552,0,32561
dp_synth256,1765964479.6410477,23808,0,32561
dp_synth256,1765964481.478556,24064,0,32561
dp_synth256,1765964482.629215,24320,0,32561
dp_synth256,1765964484.046683,24576,0,32561
dp_synth256,1765964485.8597958,24832,0,32561
dp_synth256,1765964487.5488582,25088,0,32561
dp_synth256,1765964489.4101593,25344,0,32561
dp_synth256,1765964491.2254825,25600,0,32561
dp_synth256,1765964493.2392032,25856,0,32561
dp_synth256,1765964495.121488,26112,0,32561
dp_synth256,1765964496.9186504,26368,0,32561
dp_synth256,1765964498.6837082,26624,0,32561
dp_synth256,1765964500.488196,26880,0,32561
dp_synth256,1765964502.306432,27136,0,32561
dp_synth256,1765964504.1696937,27392,0,32561
dp_synth256,1765964505.8399148,27648,0,32561
dp_synth256,1765964507.598484,27904,0,32561
dp_synth256,1765964509.3091738,28160,0,32561
dp_synth256,1765964511.0173407,28416,0,32561
dp_synth256,1765964512.7812097,28672,0,32561
dp_synth256,1765964514.4250517,28928,0,32561
dp_synth256,1765964516.3089714,29184,0,32561
dp_synth256,1765964517.9650574,29440,0,32561
dp_synth256,1765964519.703516,29696,0,32561
dp_synth256,1765964521.4742024,29952,0,32561
dp_synth256,1765964523.4323206,30208,0,32561
dp_synth256,1765964525.5049038,30464,0,32561
dp_synth256,1765964527.9124994,30720,0,32561
dp_synth256,1765964529.6801085,30976,0,32561
dp_synth256,1765964531.4668672,31232,0,32561
dp_synth256,1765964532.9965053,31488,0,32561
dp_synth256,1765964534.9317896,31744,0,32561
dp_synth256,1765964536.7361271,32000,0,32561
dp_synth256,1765964538.4376976,32256,0,32561
dp_synth256,1765964540.455798,32512,0,32561
dp_synth256,1765964541.63062,32561,0,32561
dp_synth256_nodp,1765975134.8735545,256,0,32561
dp_synth256_nodp,1765975136.1959326,512,0,32561
dp_synth256_nodp,1765975137.5679119,768,0,32561
dp_synth256_nodp,1765975138.935179,1024,0,32561
dp_synth256_nodp,1765975140.377218,1280,0,32561
dp_synth256_nodp,1765975141.7487943,1536,0,32561
dp_synth256_nodp,1765975143.104275,1792,0,32561
dp_synth256_nodp,1765975144.4296217,2048,0,32561
dp_synth256_nodp,1765975145.7783194,2304,0,32561
dp_synth256_nodp,1765975147.0762386,2560,0,32561
dp_synth256_nodp,1765975148.419483,2816,0,32561
dp_synth256_nodp,1765975149.7709372,3072,0,32561
dp_synth256_nodp,1765975151.0525372,3328,0,32561
dp_synth256_nodp,1765975152.431779,3584,0,32561
dp_synth256_nodp,1765975153.829865,3840,0,32561
dp_synth256_nodp,1765975155.1823187,4096,0,32561
dp_synth256_nodp,1765975156.546103,4352,0,32561
dp_synth256_nodp,1765975157.8916214,4608,0,32561
dp_synth256_nodp,1765975159.2787082,4864,0,32561
dp_synth256_nodp,1765975160.6484535,5120,0,32561
dp_synth256_nodp,1765975162.0223775,5376,0,32561
dp_synth256_nodp,1765975163.3728726,5632,0,32561
dp_synth256_nodp,1765975164.6759942,5888,0,32561
dp_synth256_nodp,1765975166.0324264,6144,0,32561
dp_synth256_nodp,1765975167.3284085,6400,0,32561
dp_synth256_nodp,1765975168.7071393,6656,0,32561
dp_synth256_nodp,1765975170.0558727,6912,0,32561
dp_synth256_nodp,1765975171.387155,7168,0,32561
dp_synth256_nodp,1765975172.7105289,7424,0,32561
dp_synth256_nodp,1765975174.1777139,7680,0,32561
dp_synth256_nodp,1765975175.6747894,7936,0,32561
dp_synth256_nodp,1765975177.1578898,8192,0,32561
dp_synth256_nodp,1765975178.445959,8448,0,32561
dp_synth256_nodp,1765975179.8112419,8704,0,32561
dp_synth256_nodp,1765975181.1832879,8960,0,32561
dp_synth256_nodp,1765975182.4873426,9216,0,32561
dp_synth256_nodp,1765975183.9060302,9472,0,32561
dp_synth256_nodp,1765975185.3000474,9728,0,32561
dp_synth256_nodp,1765975186.7268221,9984,0,32561
dp_synth256_nodp,1765975188.1372457,10240,0,32561
dp_synth256_nodp,1765975189.6587787,10496,0,32561
dp_synth256_nodp,1765975191.1735675,10752,0,32561
dp_synth256_nodp,1765975192.7357967,11008,0,32561
dp_synth256_nodp,1765975194.649599,11264,0,32561
dp_synth256_nodp,1765975196.1892831,11520,0,32561
dp_synth256_nodp,1765975198.1613264,11776,0,32561
dp_synth256_nodp,1765975200.5622067,12032,0,32561
dp_synth256_nodp,1765975202.486118,12288,0,32561
dp_synth256_nodp,1765975204.622216,12544,0,32561
dp_synth256_nodp,1765975207.175858,12800,0,32561
dp_synth256_nodp,1765975209.6736019,13056,0,32561
dp_synth256_nodp,1765975212.2576227,13312,0,32561
dp_synth256_nodp,1765975213.6031244,13568,0,32561
dp_synth256_nodp,1765975214.9434772,13824,0,32561
dp_synth256_nodp,1765975216.2698476,14080,0,32561
dp_synth256_nodp,1765975217.5912895,14336,0,32561
dp_synth256_nodp,1765975218.7172809,14592,0,32561
dp_synth256_nodp,1765975220.0749602,14848,0,32561
dp_synth256_nodp,1765975221.415618,15104,0,32561
dp_synth256_nodp,1765975222.727027,15360,0,32561
dp_synth256_nodp,1765975224.0754473,15616,0,32561
dp_synth256_nodp,1765975225.401837,15872,0,32561
dp_synth256_nodp,1765975226.7717366,16128,0,32561
dp_synth256_nodp,1765975227.8923528,16384,0,32561
dp_synth256_nodp,1765975229.2312894,16640,0,32561
dp_synth256_nodp,1765975230.5513787,16896,0,32561
dp_synth256_nodp,1765975231.885553,17152,0,32561
dp_synth256_nodp,1765975233.207126,17408,0,32561
dp_synth256_nodp,1765975234.593694,17664,0,32561
dp_synth256_nodp,1765975236.0300624,17920,0,32561
dp_synth256_nodp,1765975237.4219742,18176,0,32561
dp_synth256_nodp,1765975238.7985182,18432,0,32561
dp_synth256_nodp,1765975240.1482556,18688,0,32561
dp_synth256_nodp,1765975241.493259,18944,0,32561
dp_synth256_nodp,1765975242.8197892,19200,0,32561
dp_synth256_nodp,1765975244.1496038,19456,0,32561
dp_synth256_nodp,1765975245.420355,19712,0,32561
dp_synth256_nodp,1765975246.7928026,19968,0,32561
dp_synth256_nodp,1765975248.1447532,20224,0,32561
dp_synth256_nodp,1765975249.4461725,20480,0,32561
dp_synth256_nodp,1765975250.787407,20736,0,32561
dp_synth256_nodp,1765975252.234174,20992,0,32561
dp_synth256_nodp,1765975253.6149337,21248,0,32561
dp_synth256_nodp,1765975254.9663181,21504,0,32561
dp_synth256_nodp,1765975256.3586729,21760,0,32561
dp_synth256_nodp,1765975257.7921615,22016,0,32561
dp_synth256_nodp,1765975259.2155755,22272,0,32561
dp_synth256_nodp,1765975260.6995397,22528,0,32561
dp_synth256_nodp,1765975262.1399186,22784,0,32561
dp_synth256_nodp,1765975263.4764907,23040,0,32561
dp_synth256_nodp,1765975264.827059,23296,0,32561
dp_synth256_nodp,1765975266.158115,23552,0,32561
dp_synth256_nodp,1765975267.5245461,23808,0,32561
dp_synth256_nodp,1765975268.911149,24064,0,32561
dp_synth256_nodp,1765975270.2547774,24320,0,32561
dp_synth256_nodp,1765975271.5927947,24576,0,32561
dp_synth256_nodp,1765975272.9517624,24832,0,32561
dp_synth256_nodp,1765975274.375878,25088,0,32561
dp_synth256_nodp,1765975275.838937,25344,0,32561
dp_synth256_nodp,1765975277.3280222,25600,0,32561
dp_synth256_nodp,1765975279.068366,25856,0,32561
dp_synth256_nodp,1765975280.8877342,26112,0,32561
dp_synth256_nodp,1765975281.9220397,26368,0,32561
dp_synth256_nodp,1765975282.7736104,26624,0,32561
dp_synth256_nodp,1765975283.6168034,26880,0,32561
dp_synth256_nodp,1765975284.9464672,27136,0,32561
dp_synth256_nodp,1765975286.284838,27392,0,32561
dp_synth256_nodp,1765975287.6580687,27648,0,32561
dp_synth256_nodp,1765975289.0416057,27904,0,32561
dp_synth256_nodp,1765975290.472811,28160,0,32561
dp_synth256_nodp,1765975291.850374,28416,0,32561
dp_synth256_nodp,1765975293.2036345,28672,0,32561
dp_synth256_nodp,1765975294.58647,28928,0,32561
dp_synth256_nodp,1765975295.9686232,29184,0,32561
dp_synth256_nodp,1765975297.3751929,29440,0,32561
dp_synth256_nodp,1765975298.755969,29696,0,32561
dp_synth256_nodp,1765975300.1762989,29952,0,32561
dp_synth256_nodp,1765975301.5882726,30208,0,32561
dp_synth256_nodp,1765975303.0193062,30464,0,32561
dp_synth256_nodp,1765975304.3873997,30720,0,32561
dp_synth256_nodp,1765975305.7103941,30976,0,32561
dp_synth256_nodp,1765975307.0681767,31232,0,32561
dp_synth256_nodp,1765975308.4032464,31488,0,32561
dp_synth256_nodp,1765975309.7340934,31744,0,32561
dp_synth256_nodp,1765975311.0582302,32000,0,32561
dp_synth256_nodp,1765975312.3824468,32256,0,32561
dp_synth256_nodp,1765975313.76511,32512,0,32561
dp_synth256_nodp,1765975314.725629,32561,0,32561
